
	Distribution Summary

Distribution:	Exponential  
Expression:	3 + EXPO(36.8)
Square Error:	0.000561

Chi Square Test
  Number of intervals	= 24
  Degrees of freedom 	= 22
  Test Statistic     	= 28.3
  Corresponding p-value	= 0.18

Kolmogorov-Smirnov Test
  Test Statistic	= 0.0153
  Corresponding p-value	> 0.15

	Data Summary

Number of Data Points	= 2849
Min Data Value       	= 3
Max Data Value       	= 299
Sample Mean          	= 39.8
Sample Std Dev       	= 36.8

	Histogram Summary

Histogram Range    	= 3 to 299
Number of Intervals	= 40


==================================================================
Int.   No. of               Probability           Cumulative      
No.    Data Pts.   x        Density               Distribution    
------------------------------------------------------------------
                            Data   Function       Data   Function   
   0   536       10.4      0.188      0.182      0.188      0.182
   1   400       17.8      0.140      0.149      0.329      0.331
   2   367       25.2      0.129      0.122      0.457      0.453
   3   244       32.6     0.0856     0.0997      0.543      0.553
   4   236       40.0     0.0828     0.0815      0.626      0.634
   5   217       47.4     0.0762     0.0666      0.702      0.701
   6   147       54.8     0.0516     0.0545      0.754      0.755
   7   143       62.2     0.0502     0.0446      0.804      0.800
   8    87       69.6     0.0305     0.0364      0.834      0.836
   9    77       77.0     0.0270     0.0298      0.861      0.866
  10    73       84.4     0.0256     0.0244      0.887      0.891
  11    60       91.8     0.0211     0.0199      0.908      0.911
  12    57       99.2     0.0200     0.0163      0.928      0.927
  13    32       107.     0.0112     0.0133      0.939      0.940
  14    35       114.     0.0123     0.0109      0.952      0.951
  15    27       121.    0.00948    0.00891      0.961      0.960
  16    20       129.    0.00702    0.00729      0.968      0.967
  17    17       136.    0.00597    0.00596      0.974      0.973
  18    13       144.    0.00456    0.00487      0.979      0.978
  19    16       151.    0.00562    0.00399      0.984      0.982
  20     8       158.    0.00281    0.00326      0.987      0.985
  21     3       166.    0.00105    0.00267      0.988      0.988
  22     6       173.    0.00211    0.00218      0.990      0.990
  23     6       181.    0.00211    0.00178      0.992      0.992
  24     2       188.   0.000702    0.00146      0.993      0.993
  25     3       195.    0.00105    0.00119      0.994      0.995
  26     3       203.    0.00105   0.000975      0.995      0.996
  27     2       210.   0.000702   0.000797      0.996      0.996
  28     1       218.   0.000351   0.000652      0.996      0.997
  29     4       225.    0.00140   0.000533      0.998      0.998
  30     3       232.    0.00105   0.000436      0.999      0.998
  31     0       240.      0.000   0.000356      0.999      0.998
  32     0       247.      0.000   0.000291      0.999      0.999
  33     1       255.   0.000351   0.000238      0.999      0.999
  34     1       262.   0.000351   0.000195      0.999      0.999
  35     0       269.      0.000   0.000159      0.999      0.999
  36     0       277.      0.000   0.000130      0.999      0.999
  37     0       284.      0.000   0.000107      0.999       1.00
  38     0       292.      0.000  8.71e-005      0.999       1.00
  39     2       299.   0.000702  7.13e-005       1.00       1.00


=================================================================


Data File: C:\dev\Java\DSSem\outputTimeB.txt


Function       Sq Error
-----------------------
Erlang         0.000561
Exponential    0.000561
Beta           0.000571
Gamma          0.000996
Weibull        0.00145
Lognormal      0.0157
Normal         0.0309
Triangular     0.0498
Uniform        0.0756
