
	Distribution Summary

Distribution:	Weibull      
Expression:	2 + WEIB(39.5, 1.01)
Square Error:	0.000623

Chi Square Test
  Number of intervals	= 24
  Degrees of freedom 	= 21
  Test Statistic     	= 33.3
  Corresponding p-value	= 0.0448

Kolmogorov-Smirnov Test
  Test Statistic	= 0.0354
  Corresponding p-value	< 0.01

	Data Summary

Number of Data Points	= 2416
Min Data Value       	= 3
Max Data Value       	= 299
Sample Mean          	= 39.7
Sample Std Dev       	= 36.9

	Histogram Summary

Histogram Range    	= 2 to 300
Number of Intervals	= 40


==================================================================
Int.   No. of               Probability           Cumulative      
No.    Data Pts.   x        Density               Distribution    
------------------------------------------------------------------
                            Data   Function       Data   Function   
   0   410       9.45      0.170      0.171      0.170      0.171
   1   349       16.9      0.144      0.142      0.314      0.313
   2   310       24.3      0.128      0.118      0.442      0.431
   3   212       31.8     0.0877     0.0980      0.530      0.529
   4   237       39.3     0.0981     0.0812      0.628      0.610
   5   154       46.7     0.0637     0.0673      0.692      0.678
   6   149       54.2     0.0617     0.0557      0.754      0.733
   7   111       61.6     0.0459     0.0461      0.800      0.779
   8    87       69.1     0.0360     0.0382      0.836      0.818
   9    70       76.5     0.0290     0.0316      0.865      0.849
  10    53       84.0     0.0219     0.0261      0.887      0.875
  11    55       91.4     0.0228     0.0216      0.909      0.897
  12    47       98.9     0.0195     0.0179      0.929      0.915
  13    28       106.     0.0116     0.0148      0.940      0.930
  14    32       114.     0.0132     0.0122      0.954      0.942
  15    17       121.    0.00704     0.0101      0.961      0.952
  16    15       129.    0.00621    0.00836      0.967      0.960
  17    12       136.    0.00497    0.00691      0.972      0.967
  18    12       144.    0.00497    0.00571      0.977      0.973
  19    16       151.    0.00662    0.00472      0.983      0.978
  20     7       158.    0.00290    0.00390      0.986      0.981
  21     2       166.   0.000828    0.00322      0.987      0.985
  22     6       173.    0.00248    0.00266      0.990      0.987
  23     6       181.    0.00248    0.00220      0.992      0.990
  24     2       188.   0.000828    0.00182      0.993      0.991
  25     2       196.   0.000828    0.00150      0.994      0.993
  26     2       203.   0.000828    0.00124      0.995      0.994
  27     2       211.   0.000828    0.00103      0.995      0.995
  28     1       218.   0.000414   0.000848      0.996      0.996
  29     4       225.    0.00166   0.000701      0.998      0.997
  30     3       233.    0.00124   0.000579      0.999      0.997
  31     0       240.      0.000   0.000478      0.999      0.998
  32     0       248.      0.000   0.000395      0.999      0.998
  33     1       255.   0.000414   0.000326      0.999      0.998
  34     0       263.      0.000   0.000270      0.999      0.999
  35     0       270.      0.000   0.000223      0.999      0.999
  36     0       278.      0.000   0.000184      0.999      0.999
  37     0       285.      0.000   0.000152      0.999      0.999
  38     0       293.      0.000   0.000125      0.999      0.999
  39     2       300.   0.000828   0.000104       1.00       1.00

	Distribution Summary

Distribution:	Weibull      
Expression:	2 + WEIB(39.5, 1.01)
Square Error:	0.000623

Chi Square Test
  Number of intervals	= 24
  Degrees of freedom 	= 21
  Test Statistic     	= 33.3
  Corresponding p-value	= 0.0448

Kolmogorov-Smirnov Test
  Test Statistic	= 0.0354
  Corresponding p-value	< 0.01

	Data Summary

Number of Data Points	= 2416
Min Data Value       	= 3
Max Data Value       	= 299
Sample Mean          	= 39.7
Sample Std Dev       	= 36.9

	Histogram Summary

Histogram Range    	= 2 to 300
Number of Intervals	= 40


==================================================================
Int.   No. of               Probability           Cumulative      
No.    Data Pts.   x        Density               Distribution    
------------------------------------------------------------------
                            Data   Function       Data   Function   
   0   410       9.45      0.170      0.171      0.170      0.171
   1   349       16.9      0.144      0.142      0.314      0.313
   2   310       24.3      0.128      0.118      0.442      0.431
   3   212       31.8     0.0877     0.0980      0.530      0.529
   4   237       39.3     0.0981     0.0812      0.628      0.610
   5   154       46.7     0.0637     0.0673      0.692      0.678
   6   149       54.2     0.0617     0.0557      0.754      0.733
   7   111       61.6     0.0459     0.0461      0.800      0.779
   8    87       69.1     0.0360     0.0382      0.836      0.818
   9    70       76.5     0.0290     0.0316      0.865      0.849
  10    53       84.0     0.0219     0.0261      0.887      0.875
  11    55       91.4     0.0228     0.0216      0.909      0.897
  12    47       98.9     0.0195     0.0179      0.929      0.915
  13    28       106.     0.0116     0.0148      0.940      0.930
  14    32       114.     0.0132     0.0122      0.954      0.942
  15    17       121.    0.00704     0.0101      0.961      0.952
  16    15       129.    0.00621    0.00836      0.967      0.960
  17    12       136.    0.00497    0.00691      0.972      0.967
  18    12       144.    0.00497    0.00571      0.977      0.973
  19    16       151.    0.00662    0.00472      0.983      0.978
  20     7       158.    0.00290    0.00390      0.986      0.981
  21     2       166.   0.000828    0.00322      0.987      0.985
  22     6       173.    0.00248    0.00266      0.990      0.987
  23     6       181.    0.00248    0.00220      0.992      0.990
  24     2       188.   0.000828    0.00182      0.993      0.991
  25     2       196.   0.000828    0.00150      0.994      0.993
  26     2       203.   0.000828    0.00124      0.995      0.994
  27     2       211.   0.000828    0.00103      0.995      0.995
  28     1       218.   0.000414   0.000848      0.996      0.996
  29     4       225.    0.00166   0.000701      0.998      0.997
  30     3       233.    0.00124   0.000579      0.999      0.997
  31     0       240.      0.000   0.000478      0.999      0.998
  32     0       248.      0.000   0.000395      0.999      0.998
  33     1       255.   0.000414   0.000326      0.999      0.998
  34     0       263.      0.000   0.000270      0.999      0.999
  35     0       270.      0.000   0.000223      0.999      0.999
  36     0       278.      0.000   0.000184      0.999      0.999
  37     0       285.      0.000   0.000152      0.999      0.999
  38     0       293.      0.000   0.000125      0.999      0.999
  39     2       300.   0.000828   0.000104       1.00       1.00


=================================================================


Data File: C:\dev\Java\DSSem\outputTimeB.txt


Function       Sq Error
-----------------------
Weibull        0.000623
Exponential    0.000681
Erlang         0.000681
Gamma          0.000864
Beta           0.00305
Normal         0.0275
Triangular     0.0464
Uniform        0.0725

	Distribution Summary

Distribution:	Exponential  
Expression:	2 + EXPO(37.7)
Square Error:	0.000681

Chi Square Test
  Number of intervals	= 23
  Degrees of freedom 	= 21
  Test Statistic     	= 30.7
  Corresponding p-value	= 0.0821

Kolmogorov-Smirnov Test
  Test Statistic	= 0.0385
  Corresponding p-value	< 0.01

	Data Summary

Number of Data Points	= 2416
Min Data Value       	= 3
Max Data Value       	= 299
Sample Mean          	= 39.7
Sample Std Dev       	= 36.9

	Histogram Summary

Histogram Range    	= 2 to 300
Number of Intervals	= 40


==================================================================
Int.   No. of               Probability           Cumulative      
No.    Data Pts.   x        Density               Distribution    
------------------------------------------------------------------
                            Data   Function       Data   Function   
   0   410       9.45      0.170      0.179      0.170      0.179
   1   349       16.9      0.144      0.147      0.314      0.327
   2   310       24.3      0.128      0.121      0.442      0.447
   3   212       31.8     0.0877     0.0991      0.530      0.547
   4   237       39.3     0.0981     0.0814      0.628      0.628
   5   154       46.7     0.0637     0.0668      0.692      0.695
   6   149       54.2     0.0617     0.0548      0.754      0.749
   7   111       61.6     0.0459     0.0449      0.800      0.794
   8    87       69.1     0.0360     0.0369      0.836      0.831
   9    70       76.5     0.0290     0.0303      0.865      0.862
  10    53       84.0     0.0219     0.0248      0.887      0.886
  11    55       91.4     0.0228     0.0204      0.909      0.907
  12    47       98.9     0.0195     0.0167      0.929      0.924
  13    28       106.     0.0116     0.0137      0.940      0.937
  14    32       114.     0.0132     0.0113      0.954      0.949
  15    17       121.    0.00704    0.00924      0.961      0.958
  16    15       129.    0.00621    0.00758      0.967      0.965
  17    12       136.    0.00497    0.00622      0.972      0.972
  18    12       144.    0.00497    0.00510      0.977      0.977
  19    16       151.    0.00662    0.00419      0.983      0.981
  20     7       158.    0.00290    0.00344      0.986      0.984
  21     2       166.   0.000828    0.00282      0.987      0.987
  22     6       173.    0.00248    0.00231      0.990      0.989
  23     6       181.    0.00248    0.00190      0.992      0.991
  24     2       188.   0.000828    0.00156      0.993      0.993
  25     2       196.   0.000828    0.00128      0.994      0.994
  26     2       203.   0.000828    0.00105      0.995      0.995
  27     2       211.   0.000828   0.000861      0.995      0.996
  28     1       218.   0.000414   0.000707      0.996      0.997
  29     4       225.    0.00166   0.000580      0.998      0.997
  30     3       233.    0.00124   0.000476      0.999      0.998
  31     0       240.      0.000   0.000390      0.999      0.998
  32     0       248.      0.000   0.000320      0.999      0.999
  33     1       255.   0.000414   0.000263      0.999      0.999
  34     0       263.      0.000   0.000216      0.999      0.999
  35     0       270.      0.000   0.000177      0.999      0.999
  36     0       278.      0.000   0.000145      0.999      0.999
  37     0       285.      0.000   0.000119      0.999      0.999
  38     0       293.      0.000  9.78e-005      0.999       1.00
  39     2       300.   0.000828  8.02e-005       1.00       1.00
