
	Distribution Summary

Distribution:	Lognormal    
Expression:	LOGN(41.8, 51.7)
Square Error:	0.003548

Chi Square Test
  Number of intervals	= 26
  Degrees of freedom 	= 23
  Test Statistic     	= 136
  Corresponding p-value	< 0.005

Kolmogorov-Smirnov Test
  Test Statistic	= 0.0506
  Corresponding p-value	< 0.01

	Data Summary

Number of Data Points	= 2848
Min Data Value       	= 3
Max Data Value       	= 299
Sample Mean          	= 39.8
Sample Std Dev       	= 36.8

	Histogram Summary

Histogram Range    	= 0 to 299
Number of Intervals	= 40


==================================================================
Int.   No. of               Probability           Cumulative      
No.    Data Pts.   x        Density               Distribution    
------------------------------------------------------------------
                            Data   Function       Data   Function   
   0   357       7.48      0.125     0.0956      0.125     0.0956
   1   422       15.0      0.148      0.183      0.274      0.279
   2   390       22.4      0.137      0.156      0.410      0.434
   3   269       29.9     0.0945      0.119      0.505      0.553
   4   283       37.4     0.0994     0.0895      0.604      0.642
   5   203       44.9     0.0713     0.0679      0.676      0.710
   6   183       52.3     0.0643     0.0522      0.740      0.762
   7   136       59.8     0.0478     0.0407      0.788      0.803
   8   112       67.3     0.0393     0.0321      0.827      0.835
   9    73       74.8     0.0256     0.0257      0.853      0.861
  10    83       82.2     0.0291     0.0208      0.882      0.882
  11    61       89.7     0.0214     0.0169      0.903      0.899
  12    54       97.2     0.0190     0.0140      0.922      0.913
  13    39       105.     0.0137     0.0116      0.936      0.924
  14    41       112.     0.0144    0.00971      0.950      0.934
  15    27       120.    0.00948    0.00818      0.960      0.942
  16    22       127.    0.00772    0.00694      0.967      0.949
  17    17       135.    0.00597    0.00592      0.973      0.955
  18    12       142.    0.00421    0.00508      0.978      0.960
  19    17       150.    0.00597    0.00438      0.983      0.964
  20     8       157.    0.00281    0.00379      0.986      0.968
  21     5       164.    0.00176    0.00330      0.988      0.972
  22     6       172.    0.00211    0.00288      0.990      0.974
  23     3       179.    0.00105    0.00252      0.991      0.977
  24     5       187.    0.00176    0.00222      0.993      0.979
  25     3       194.    0.00105    0.00196      0.994      0.981
  26     3       202.    0.00105    0.00174      0.995      0.983
  27     2       209.   0.000702    0.00154      0.996      0.984
  28     1       217.   0.000351    0.00137      0.996      0.986
  29     4       224.    0.00140    0.00123      0.998      0.987
  30     2       232.   0.000702    0.00110      0.998      0.988
  31     1       239.   0.000351   0.000986      0.999      0.989
  32     0       247.      0.000   0.000887      0.999      0.990
  33     1       254.   0.000351   0.000800      0.999      0.991
  34     1       262.   0.000351   0.000723      0.999      0.991
  35     0       269.      0.000   0.000655      0.999      0.992
  36     0       277.      0.000   0.000594      0.999      0.993
  37     0       284.      0.000   0.000540      0.999      0.993
  38     0       292.      0.000   0.000491      0.999      0.994
  39     2       299.   0.000702   0.000448       1.00      0.994

	Distribution Summary

Distribution:	Gamma        
Expression:	GAMM(29.5, 1.35)
Square Error:	0.000908

Chi Square Test
  Number of intervals	= 23
  Degrees of freedom 	= 20
  Test Statistic     	= 50.3
  Corresponding p-value	< 0.005

Kolmogorov-Smirnov Test
  Test Statistic	= 0.036
  Corresponding p-value	< 0.01

	Data Summary

Number of Data Points	= 2848
Min Data Value       	= 3
Max Data Value       	= 299
Sample Mean          	= 39.8
Sample Std Dev       	= 36.8

	Histogram Summary

Histogram Range    	= 0 to 299
Number of Intervals	= 40


==================================================================
Int.   No. of               Probability           Cumulative      
No.    Data Pts.   x        Density               Distribution    
------------------------------------------------------------------
                            Data   Function       Data   Function   
   0   357       7.48      0.125      0.112      0.125      0.112
   1   422       15.0      0.148      0.137      0.274      0.249
   2   390       22.4      0.137      0.128      0.410      0.377
   3   269       29.9     0.0945      0.112      0.505      0.489
   4   283       37.4     0.0994     0.0949      0.604      0.584
   5   203       44.9     0.0713     0.0791      0.676      0.663
   6   183       52.3     0.0643     0.0651      0.740      0.728
   7   136       59.8     0.0478     0.0531      0.788      0.782
   8   112       67.3     0.0393     0.0431      0.827      0.825
   9    73       74.8     0.0256     0.0347      0.853      0.859
  10    83       82.2     0.0291     0.0279      0.882      0.887
  11    61       89.7     0.0214     0.0224      0.903      0.910
  12    54       97.2     0.0190     0.0179      0.922      0.928
  13    39       105.     0.0137     0.0142      0.936      0.942
  14    41       112.     0.0144     0.0113      0.950      0.953
  15    27       120.    0.00948    0.00900      0.960      0.962
  16    22       127.    0.00772    0.00714      0.967      0.969
  17    17       135.    0.00597    0.00565      0.973      0.975
  18    12       142.    0.00421    0.00447      0.978      0.979
  19    17       150.    0.00597    0.00354      0.983      0.983
  20     8       157.    0.00281    0.00279      0.986      0.986
  21     5       164.    0.00176    0.00220      0.988      0.988
  22     6       172.    0.00211    0.00174      0.990      0.990
  23     3       179.    0.00105    0.00137      0.991      0.991
  24     5       187.    0.00176    0.00108      0.993      0.992
  25     3       194.    0.00105   0.000847      0.994      0.993
  26     3       202.    0.00105   0.000666      0.995      0.994
  27     2       209.   0.000702   0.000524      0.996      0.994
  28     1       217.   0.000351   0.000412      0.996      0.995
  29     4       224.    0.00140   0.000323      0.998      0.995
  30     2       232.   0.000702   0.000254      0.998      0.995
  31     1       239.   0.000351   0.000199      0.999      0.995
  32     0       247.      0.000   0.000156      0.999      0.995
  33     1       254.   0.000351   0.000122      0.999      0.996
  34     1       262.   0.000351  9.60e-005      0.999      0.996
  35     0       269.      0.000  7.52e-005      0.999      0.996
  36     0       277.      0.000  5.89e-005      0.999      0.996
  37     0       284.      0.000  4.62e-005      0.999      0.996
  38     0       292.      0.000  3.62e-005      0.999      0.996
  39     2       299.   0.000702  2.83e-005       1.00      0.996


=================================================================


Data File: C:\dev\Java\DSSem\outputTimeB.txt


Function       Sq Error
-----------------------
Gamma          0.000908
Weibull        0.0011
Beta           0.00189
Erlang         0.00304
Exponential    0.00304
Lognormal      0.00355
Normal         0.0222
Triangular     0.0443
Uniform        0.0662
