
	Distribution Summary

Distribution:	Exponential  
Expression:	0.999 + EXPO(45.9)
Square Error:	0.000559

Chi Square Test
  Number of intervals	= 21
  Degrees of freedom 	= 19
  Test Statistic     	= 16
  Corresponding p-value	= 0.657

Kolmogorov-Smirnov Test
  Test Statistic	= 0.0237
  Corresponding p-value	= 0.132

	Data Summary

Number of Data Points	= 2417
Min Data Value       	= 1
Max Data Value       	= 415
Sample Mean          	= 46.9
Sample Std Dev       	= 46.3

	Histogram Summary

Histogram Range    	= 0.999 to 415
Number of Intervals	= 40


==================================================================
Int.   No. of               Probability           Cumulative      
No.    Data Pts.   x        Density               Distribution    
------------------------------------------------------------------
                            Data   Function       Data   Function   
   0   475       11.3      0.197      0.202      0.197      0.202
   1   371       21.7      0.153      0.161      0.350      0.363
   2   357       32.0      0.148      0.129      0.498      0.492
   3   244       42.4      0.101      0.103      0.599      0.594
   4   208       52.7     0.0861     0.0819      0.685      0.676
   5   159       63.1     0.0658     0.0654      0.751      0.742
   6   109       73.4     0.0451     0.0522      0.796      0.794
   7    92       83.8     0.0381     0.0416      0.834      0.835
   8    85       94.1     0.0352     0.0332      0.869      0.869
   9    70       104.     0.0290     0.0265      0.898      0.895
  10    53       115.     0.0219     0.0212      0.920      0.916
  11    40       125.     0.0165     0.0169      0.936      0.933
  12    28       136.     0.0116     0.0135      0.948      0.947
  13    23       146.    0.00952     0.0108      0.957      0.957
  14    19       156.    0.00786    0.00859      0.965      0.966
  15    14       167.    0.00579    0.00686      0.971      0.973
  16    11       177.    0.00455    0.00547      0.976      0.978
  17    11       187.    0.00455    0.00437      0.980      0.983
  18    10       198.    0.00414    0.00349      0.984      0.986
  19     9       208.    0.00372    0.00278      0.988      0.989
  20     6       218.    0.00248    0.00222      0.990      0.991
  21     7       229.    0.00290    0.00177      0.993      0.993
  22     2       239.   0.000827    0.00141      0.994      0.994
  23     1       249.   0.000414    0.00113      0.995      0.996
  24     1       260.   0.000414   0.000901      0.995      0.996
  25     1       270.   0.000414   0.000719      0.995      0.997
  26     2       280.   0.000827   0.000574      0.996      0.998
  27     4       291.    0.00165   0.000458      0.998      0.998
  28     2       301.   0.000827   0.000366      0.999      0.999
  29     0       312.      0.000   0.000292      0.999      0.999
  30     0       322.      0.000   0.000233      0.999      0.999
  31     1       332.   0.000414   0.000186      0.999      0.999
  32     0       343.      0.000   0.000148      0.999      0.999
  33     1       353.   0.000414   0.000118       1.00       1.00
  34     0       363.      0.000  9.45e-005       1.00       1.00
  35     0       374.      0.000  7.54e-005       1.00       1.00
  36     0       384.      0.000  6.02e-005       1.00       1.00
  37     0       394.      0.000  4.80e-005       1.00       1.00
  38     0       405.      0.000  3.83e-005       1.00       1.00
  39     1       415.   0.000414  3.06e-005       1.00       1.00


=================================================================


Data File: C:\dev\Java\DSSem\outputTimeA.txt


Function       Sq Error
-----------------------
Erlang         0.000559
Exponential    0.000559
Gamma          0.000573
Weibull        0.00111
Beta           0.00346
Lognormal      0.0063
Normal         0.0338
Triangular     0.0607
Uniform        0.0876
