
	Distribution Summary

Distribution:	Gamma        
Expression:	0.999 + GAMM(23.8, 1.09)
Square Error:	0.001037

Chi Square Test
  Number of intervals	= 28
  Degrees of freedom 	= 25
  Test Statistic     	= 81.3
  Corresponding p-value	< 0.005

Kolmogorov-Smirnov Test
  Test Statistic	= 0.0264
  Corresponding p-value	< 0.01

	Data Summary

Number of Data Points	= 4223
Min Data Value       	= 1
Max Data Value       	= 183
Sample Mean          	= 26.8
Sample Std Dev       	= 25.4

	Histogram Summary

Histogram Range    	= 0.999 to 183
Number of Intervals	= 40


==================================================================
Int.   No. of               Probability           Cumulative      
No.    Data Pts.   x        Density               Distribution    
------------------------------------------------------------------
                            Data   Function       Data   Function   
   0   607       5.55      0.144      0.141      0.144      0.141
   1   654       10.1      0.155      0.133      0.299      0.274
   2   451       14.6      0.107      0.115      0.405      0.389
   3   466       19.2      0.110     0.0976      0.516      0.486
   4   298       23.7     0.0706     0.0824      0.586      0.569
   5   287       28.3     0.0680     0.0692      0.654      0.638
   6   224       32.8     0.0530     0.0580      0.707      0.696
   7   212       37.4     0.0502     0.0485      0.758      0.744
   8   150       41.9     0.0355     0.0405      0.793      0.785
   9   173       46.5     0.0410     0.0338      0.834      0.819
  10   125       51.0     0.0296     0.0281      0.864      0.847
  11    84       55.6     0.0199     0.0234      0.883      0.870
  12    88       60.1     0.0208     0.0195      0.904      0.890
  13    50       64.7     0.0118     0.0162      0.916      0.906
  14    72       69.2     0.0170     0.0134      0.933      0.919
  15    38       73.8    0.00900     0.0112      0.942      0.930
  16    39       78.3    0.00924    0.00927      0.951      0.940
  17    25       82.9    0.00592    0.00769      0.957      0.947
  18    28       87.4    0.00663    0.00638      0.964      0.954
  19    15       92.0    0.00355    0.00529      0.968      0.959
  20    21       96.6    0.00497    0.00439      0.973      0.963
  21    21       101.    0.00497    0.00364      0.978      0.967
  22    13       106.    0.00308    0.00302      0.981      0.970
  23    10       110.    0.00237    0.00250      0.983      0.973
  24    16       115.    0.00379    0.00207      0.987      0.975
  25    15       119.    0.00355    0.00172      0.990      0.976
  26     8       124.    0.00189    0.00142      0.992      0.978
  27     4       128.   0.000947    0.00118      0.993      0.979
  28     1       133.   0.000237   0.000976      0.993      0.980
  29    10       138.    0.00237   0.000808      0.996      0.981
  30     4       142.   0.000947   0.000669      0.997      0.981
  31     3       147.   0.000710   0.000554      0.997      0.982
  32     1       151.   0.000237   0.000459      0.998      0.982
  33     1       156.   0.000237   0.000380      0.998      0.983
  34     1       160.   0.000237   0.000315      0.998      0.983
  35     4       165.   0.000947   0.000260      0.999      0.983
  36     1       169.   0.000237   0.000215      0.999      0.984
  37     2       174.   0.000474   0.000178       1.00      0.984
  38     0       178.      0.000   0.000148       1.00      0.984
  39     1       183.   0.000237   0.000122       1.00      0.984


=================================================================


Data File: C:\dev\Java\DSSem\outputTimeC.txt


Function       Sq Error
-----------------------
Gamma          0.00104
Exponential    0.00123
Erlang         0.00123
Weibull        0.0013
Beta           0.00183
Lognormal      0.00246
Normal         0.0267
Triangular     0.0439
Uniform        0.0636

	Distribution Summary

Distribution:	Exponential  
Expression:	0.999 + EXPO(25.8)
Square Error:	0.001227

Chi Square Test
  Number of intervals	= 28
  Degrees of freedom 	= 26
  Test Statistic     	= 78.5
  Corresponding p-value	< 0.005

Kolmogorov-Smirnov Test
  Test Statistic	= 0.0381
  Corresponding p-value	< 0.01

	Data Summary

Number of Data Points	= 4223
Min Data Value       	= 1
Max Data Value       	= 183
Sample Mean          	= 26.8
Sample Std Dev       	= 25.4

	Histogram Summary

Histogram Range    	= 0.999 to 183
Number of Intervals	= 40


==================================================================
Int.   No. of               Probability           Cumulative      
No.    Data Pts.   x        Density               Distribution    
------------------------------------------------------------------
                            Data   Function       Data   Function   
   0   607       5.55      0.144      0.162      0.144      0.162
   1   654       10.1      0.155      0.135      0.299      0.297
   2   451       14.6      0.107      0.114      0.405      0.411
   3   466       19.2      0.110     0.0952      0.516      0.506
   4   298       23.7     0.0706     0.0798      0.586      0.586
   5   287       28.3     0.0680     0.0669      0.654      0.653
   6   224       32.8     0.0530     0.0561      0.707      0.709
   7   212       37.4     0.0502     0.0471      0.758      0.756
   8   150       41.9     0.0355     0.0395      0.793      0.795
   9   173       46.5     0.0410     0.0331      0.834      0.828
  10   125       51.0     0.0296     0.0277      0.864      0.856
  11    84       55.6     0.0199     0.0233      0.883      0.879
  12    88       60.1     0.0208     0.0195      0.904      0.899
  13    50       64.7     0.0118     0.0163      0.916      0.915
  14    72       69.2     0.0170     0.0137      0.933      0.929
  15    38       73.8    0.00900     0.0115      0.942      0.940
  16    39       78.3    0.00924    0.00963      0.951      0.950
  17    25       82.9    0.00592    0.00808      0.957      0.958
  18    28       87.4    0.00663    0.00677      0.964      0.965
  19    15       92.0    0.00355    0.00568      0.968      0.971
  20    21       96.6    0.00497    0.00476      0.973      0.975
  21    21       101.    0.00497    0.00399      0.978      0.979
  22    13       106.    0.00308    0.00335      0.981      0.983
  23    10       110.    0.00237    0.00280      0.983      0.985
  24    16       115.    0.00379    0.00235      0.987      0.988
  25    15       119.    0.00355    0.00197      0.990      0.990
  26     8       124.    0.00189    0.00165      0.992      0.991
  27     4       128.   0.000947    0.00139      0.993      0.993
  28     1       133.   0.000237    0.00116      0.993      0.994
  29    10       138.    0.00237   0.000974      0.996      0.995
  30     4       142.   0.000947   0.000817      0.997      0.996
  31     3       147.   0.000710   0.000685      0.997      0.996
  32     1       151.   0.000237   0.000574      0.998      0.997
  33     1       156.   0.000237   0.000481      0.998      0.998
  34     1       160.   0.000237   0.000404      0.998      0.998
  35     4       165.   0.000947   0.000338      0.999      0.998
  36     1       169.   0.000237   0.000284      0.999      0.999
  37     2       174.   0.000474   0.000238       1.00      0.999
  38     0       178.      0.000   0.000199       1.00      0.999
  39     1       183.   0.000237   0.000167       1.00      0.999
