40
40
8
34
36
107
21
38
47
23
78
84
66
46
36
100
41
4
24
230
22
51
8
15
223
4
42
67
84
13
16
28
8
75
156
30
17
24
32
29
25
40
34
43
111
13
30
221
11
7
14
39
34
65
37
10
47
13
92
22
19
45
20
3
18
38
22
48
14
3
110
48
124
64
5
18
5
21
48
27
85
19
131
81
63
41
69
49
29
38
20
58
3
18
192
20
23
34
6
36
19
6
8
49
7
13
8
51
48
66
12
22
12
3
14
17
12
39
11
62
22
72
33
34
24
40
76
50
44
7
16
15
20
35
79
19
22
21
39
56
81
13
68
37
60
6
20
6
62
38
20
46
106
54
5
29
27
3
22
6
31
16
61
24
3
67
13
58
4
128
17
25
92
17
7
54
20
13
7
70
24
108
17
104
20
20
25
19
27
62
57
17
36
92
71
15
80
35
34
27
57
76
6
70
33
34
20
20
75
75
46
85
98
19
11
25
34
136
17
161
6
18
135
6
33
25
12
43
24
7
22
15
6
10
55
7
103
37
49
63
16
4
133
6
94
6
28
26
5
140
17
18
21
86
49
76
16
6
14
119
4
7
42
16
5
10
13
25
35
86
299
11
78
29
13
85
133
60
134
32
125
4
4
24
82
45
27
232
65
49
57
9
104
49
21
4
22
23
19
12
22
85
73
30
88
68
18
15
32
38
37
32
7
4
6
20
22
85
31
41
14
98
5
63
16
31
4
15
27
34
6
56
50
222
41
39
73
10
36
81
138
7
45
47
98
140
11
17
11
41
86
56
89
4
4
4
8
40
12
8
17
32
16
34
11
34
32
8
18
23
81
69
28
18
51
30
28
9
4
29
112
4
18
11
10
149
3
33
22
29
70
5
34
26
101
9
142
93
27
31
6
10
33
91
12
56
30
99
29
5
14
16
41
5
25
32
42
30
86
44
81
8
7
82
28
40
110
10
28
16
7
8
138
56
31
23
10
18
9
6
19
15
36
7
50
52
30
16
4
5
6
12
17
88
26
43
4
35
16
17
37
100
89
4
5
10
10
16
14
23
111
29
3
57
54
23
153
4
39
57
8
44
28
45
14
47
38
76
54
4
152
18
38
147
6
12
28
7
26
175
14
89
28
5
8
33
27
61
41
60
39
5
171
11
31
4
14
69
33
12
79
79
148
7
8
34
37
27
35
194
64
35
77
5
42
106
176
94
31
76
16
82
9
6
48
8
10
104
42
6
29
84
13
15
16
34
11
59
14
22
57
108
9
49
42
39
33
40
29
19
43
19
114
7
35
44
33
47
75
30
51
46
144
14
18
32
180
48
15
40
29
26
43
57
122
36
7
67
36
167
13
29
46
6
109
13
4
23
106
66
35
33
41
16
57
5
16
12
6
40
9
8
43
93
124
215
13
4
30
16
23
10
23
16
20
89
5
121
24
54
23
8
65
21
24
7
87
21
91
5
38
29
6
9
58
73
33
74
26
21
11
11
124
44
73
62
34
61
25
105
27
103
44
96
35
93
6
38
46
42
33
129
47
34
38
40
40
12
26
14
45
39
14
4
23
16
4
17
6
57
44
60
36
5
32
13
22
40
20
99
47
36
18
7
21
9
59
21
69
53
67
75
22
14
54
70
12
12
7
17
57
121
42
6
146
4
183
74
16
40
4
30
57
15
87
68
64
42
109
14
47
4
99
143
44
22
34
6
8
94
59
31
28
32
51
17
40
42
8
9
75
31
51
17
3
7
36
44
6
32
84
95
18
28
12
42
4
58
30
48
6
10
30
73
7
64
38
3
14
24
13
16
8
33
98
52
61
53
23
20
19
22
58
8
41
19
13
39
40
36
18
5
20
9
18
20
34
6
23
31
23
64
44
7
47
32
3
41
52
16
116
97
52
74
9
28
13
47
53
19
183
51
34
146
27
16
108
21
52
60
42
17
18
3
138
10
43
72
16
17
54
8
27
25
24
38
293
42
30
23
33
113
14
37
49
55
12
21
41
24
32
24
12
41
6
6
69
47
42
24
109
30
3
109
82
18
39
26
38
9
45
12
47
16
4
11
9
7
40
35
22
12
108
38
19
71
23
98
6
42
61
72
4
27
98
56
48
9
28
15
53
29
40
47
15
101
27
7
9
13
3
16
77
40
81
154
57
8
107
13
37
47
52
11
28
71
12
118
8
40
14
4
29
10
6
11
36
7
13
27
70
58
128
15
14
67
18
15
30
47
146
38
34
10
40
11
11
52
67
11
124
58
11
50
21
35
30
93
5
64
28
5
14
68
18
47
24
8
16
15
5
48
40
20
11
9
10
6
81
52
170
31
45
54
26
25
17
7
9
94
11
44
96
8
21
101
11
111
144
4
55
111
13
12
57
53
68
22
35
50
10
74
11
16
20
98
22
24
33
6
144
5
55
6
51
38
3
7
155
60
4
15
54
11
14
18
4
52
4
20
30
33
36
34
13
8
59
84
13
86
67
52
57
4
32
6
40
129
75
55
16
16
24
63
16
7
61
4
56
12
25
13
13
36
32
66
7
6
15
24
16
10
10
18
5
19
33
25
79
12
32
69
6
93
36
54
26
65
67
15
10
79
76
92
26
22
19
144
6
26
96
30
78
53
4
6
8
20
90
46
11
4
31
47
24
20
40
25
17
28
59
115
11
11
13
96
27
9
10
84
55
94
19
19
15
5
16
6
4
15
73
115
76
35
13
9
85
51
15
24
95
25
25
114
29
35
40
33
4
37
7
71
102
24
71
19
83
42
11
25
39
5
62
7
43
42
113
24
6
22
94
25
21
5
3
6
34
8
16
66
23
4
9
34
48
19
20
6
3
13
20
11
28
32
15
61
83
37
64
17
4
8
31
27
66
49
5
8
35
90
33
20
26
21
8
15
23
15
32
16
6
30
69
18
126
24
166
13
19
20
85
96
124
98
65
39
19
141
36
56
35
46
109
39
25
8
69
38
46
12
31
7
23
17
252
69
11
10
53
26
21
26
8
91
19
11
5
14
8
24
87
51
15
8
7
42
14
14
81
45
23
25
13
40
26
29
45
34
5
7
29
10
65
168
22
19
156
46
8
115
17
55
58
38
13
53
59
14
12
27
66
4
53
36
9
18
37
5
6
22
11
20
22
49
3
38
22
55
85
22
48
24
6
48
19
4
49
64
110
108
10
140
5
43
6
38
26
58
16
4
56
9
4
110
40
12
81
35
58
8
20
48
111
48
39
7
10
25
57
28
40
89
33
31
119
5
8
61
88
62
3
28
51
34
61
38
39
30
56
51
3
95
158
17
50
93
8
76
9
24
12
51
6
5
12
30
45
7
64
52
96
23
10
47
17
21
21
4
79
6
36
25
31
201
34
13
31
23
72
134
37
22
42
18
37
143
36
82
19
11
18
22
35
77
16
83
17
14
31
41
6
7
60
51
40
48
12
71
31
63
3
28
13
52
23
99
48
3
38
8
112
8
12
4
38
33
68
24
81
63
50
52
4
32
15
9
27
75
16
62
26
72
73
35
8
61
40
116
4
9
49
22
19
12
9
12
20
6
18
56
31
36
12
23
42
208
30
67
9
48
22
7
59
30
43
24
59
77
11
47
15
8
78
18
18
9
11
90
61
19
16
22
10
10
228
43
5
58
27
28
40
98
26
9
31
3
50
21
5
12
48
14
23
21
32
11
33
7
39
18
34
18
16
93
10
4
78
12
28
87
42
24
57
47
40
32
23
48
17
63
13
5
37
35
30
147
53
70
35
53
103
7
107
15
80
150
13
32
20
42
17
7
4
30
16
39
18
15
61
10
61
8
144
32
5
24
49
61
122
43
66
8
119
6
69
42
37
19
25
10
65
24
4
64
8
12
81
57
13
51
39
13
26
88
17
59
4
21
20
18
12
43
39
68
56
31
62
5
6
71
16
12
14
66
14
9
144
34
4
41
17
28
32
83
43
53
47
73
12
76
111
71
6
21
13
62
47
3
4
21
85
19
48
119
35
79
74
124
8
9
9
13
57
34
67
16
59
18
114
55
7
8
5
13
34
4
54
29
18
23
19
41
45
80
88
45
19
30
48
59
41
9
35
107
8
14
19
80
10
25
16
28
86
13
25
11
15
15
10
71
36
127
14
7
6
25
35
32
143
27
90
72
7
21
27
42
6
12
47
12
15
103
17
122
40
7
4
4
15
26
20
10
34
11
76
12
51
13
57
53
34
18
43
7
34
9
180
47
46
20
4
10
24
50
6
4
7
26
68
59
10
24
11
15
44
4
90
41
17
23
104
19
4
29
17
11
47
20
5
72
13
4
9
50
8
61
93
37
58
81
4
11
7
45
15
24
34
35
63
13
29
17
93
25
5
10
20
28
36
32
34
19
14
63
37
5
58
14
39
21
4
51
88
57
42
12
11
19
11
26
34
7
219
15
100
4
6
22
27
4
84
57
15
80
34
42
23
40
70
13
21
10
76
13
112
38
3
47
22
10
54
29
93
26
29
61
36
6
13
7
22
32
54
46
74
35
14
73
21
4
59
4
54
38
9
24
55
36
67
15
13
34
46
90
8
60
61
18
103
27
36
98
5
31
73
31
66
5
42
167
81
8
6
90
45
20
30
10
5
15
15
54
130
33
51
10
11
58
34
31
18
9
66
25
30
8
20
8
38
19
21
3
105
86
16
15
29
5
15
13
51
95
6
25
48
45
85
9
47
16
37
6
35
81
23
5
112
12
4
70
34
118
17
10
12
36
87
35
3
11
35
5
62
28
23
17
27
94
23
4
83
23
44
49
77
26
46
78
49
19
3
42
92
70
36
4
6
40
23
22
14
16
18
5
22
45
4
81
10
47
70
16
40
25
35
15
55
39
39
133
16
66
6
7
51
21
40
32
21
44
24
20
63
70
10
21
79
68
9
10
40
87
108
58
27
74
7
51
11
5
4
11
15
35
28
19
3
27
7
108
64
30
29
10
32
12
33
6
39
4
33
97
30
76
60
40
34
17
9
3
35
20
26
12
26
17
150
5
44
23
105
61
32
14
11
38
57
60
43
119
13
6
28
18
22
21
46
20
47
58
25
12
39
10
14
31
52
25
73
29
26
145
18
204
27
7
7
32
11
81
25
48
26
23
58
11
64
45
14
56
18
15
96
29
25
4
28
27
9
163
86
34
6
20
62
59
8
28
85
90
72
56
41
64
8
15
46
134
5
28
17
139
34
9
23
6
38
22
4
13
77
57
23
46
5
15
4
48
41
6
9
49
13
43
50
38
14
30
5
36
23
96
3
27
7
76
71
16
176
57
29
57
13
14
14
77
76
62
5
42
65
57
27
6
13
52
127
13
201
52
13
40
3
37
47
5
16
10
5
30
96
29
17
91
44
47
55
47
68
31
8
68
6
34
38
9
5
9
20
48
37
13
5
12
102
34
5
82
10
99
4
11
6
180
35
15
70
100
57
19
11
30
56
59
31
53
11
12
19
105
54
61
31
4
81
5
5
18
138
19
22
15
46
80
34
30
12
23
25
34
43
37
6
12
61
21
77
56
95
35
11
9
41
9
18
56
37
24
12
79
42
15
13
31
116
11
75
19
118
32
22
105
18
54
26
37
14
66
26
15
28
44
103
66
20
14
49
85
39
13
7
36
31
57
37
12
63
67
65
50
12
70
47
4
12
47
16
4
30
39
16
11
40
119
24
72
197
21
30
30
74
78
20
19
18
14
6
5
11
34
47
59
12
13
31
31
11
115
19
19
9
41
3
34
7
3
87
7
22
44
53
24
50
21
24
27
4
30
89
99
10
14
10
41
114
32
12
88
49
33
17
84
259
5
91
43
38
28
89
29
10
5
29
10
10
21
51
53
77
39
85
3
50
74
13
22
9
20
10
12
52
9
59
19
12
21
85
131
127
7
25
63
49
18
6
106
43
5
28
20
19
4
32
37
76
19
20
6
19
9
158
17
51
134
11
160
11
25
30
10
105
42
84
57
9
7
78
42
11
8
89
5
14
25
191
15
41
67
19
43
65
9
23
50
44
61
86
23
33
24
3
8
18
3
4
6
24
59
24
113
12
118
3
102
38
3
3
50
8
27
23
6
35
29
17
41
5
3
9
57
15
65
12
122
116
9
131
25
11
43
25
9
53
25
54
33
54
6
4
90
21
30
11
10
28
6
47
4
97
33
7
37
28
24
33
111
41
7
16
26
88
64
58
14
18
7
117
3
12
23
5
134
30
15
39
81
5
47
50
27
59
131
60
99
49
23
12
35
14
121
123
45
54
10
18
5
4
120
19
53
81
6
67
14
37
10
8
94
49
84
43
20
45
20
7
12
39
13
127
33
41
102
14
40
51
25
16
113
17
48
33
50
67
26
42
17
59
48
24
5
28
6
126
48
11
23
75
21
12
54
10
61
45
15
103
60
34
15
80
