50
5
71
86
34
45
84
17
33
73
26
4
13
88
3
46
20
5
108
67
36
3
141
3
21
8
4
73
30
6
63
44
13
29
122
9
63
173
5
220
14
6
111
134
2
18
86
47
101
26
27
43
13
74
44
12
57
25
48
123
30
215
104
1
32
41
99
22
2
63
17
28
65
28
100
14
67
11
23
51
40
27
99
9
95
19
26
6
49
42
31
22
87
2
105
12
67
50
18
13
86
79
126
9
36
62
46
64
20
4
22
63
25
48
36
11
3
55
66
8
7
50
9
52
14
59
12
100
15
133
42
194
17
3
95
134
24
33
46
16
47
85
33
51
13
50
22
104
92
114
35
148
20
10
38
25
21
200
12
31
227
104
74
24
4
3
28
85
34
97
41
45
51
125
24
287
60
13
4
5
3
98
2
36
96
25
54
8
166
7
19
9
72
6
57
58
22
26
28
10
23
54
22
50
32
5
51
4
24
16
163
3
79
22
273
4
49
11
77
29
145
75
74
106
20
15
78
62
3
53
7
37
69
23
5
13
17
21
86
132
41
76
13
33
6
3
54
1
99
5
22
2
14
8
136
26
6
15
18
71
27
11
9
69
97
2
4
12
13
21
27
34
27
3
38
87
18
29
65
6
7
11
2
26
92
38
191
12
27
6
3
52
41
9
55
3
8
20
63
30
54
142
93
23
133
16
33
98
28
4
20
21
15
21
41
18
108
129
5
37
32
103
46
59
3
68
21
48
22
58
96
123
2
30
39
132
126
1
14
132
7
12
260
3
34
165
10
20
37
37
22
26
14
145
24
72
96
4
10
17
54
9
22
33
53
43
95
22
3
75
49
104
32
8
69
52
26
8
257
13
3
1
126
45
32
57
17
14
91
118
55
102
37
16
19
7
14
27
6
36
67
26
22
7
18
131
9
4
85
41
38
42
57
21
76
59
103
56
4
179
16
12
84
46
61
24
4
60
17
27
35
9
23
65
51
32
118
49
5
17
166
50
32
12
161
2
180
2
110
50
4
23
146
44
3
127
21
28
4
18
37
31
20
54
3
80
39
26
13
10
123
48
21
21
53
67
18
73
24
44
82
25
26
22
23
59
10
36
85
170
6
76
70
82
60
20
50
74
67
86
52
17
38
66
77
18
12
1
18
107
127
21
70
152
152
22
37
4
35
25
184
12
6
14
86
8
74
6
5
183
55
11
22
55
15
31
37
77
19
54
42
127
30
83
57
27
11
19
5
139
109
72
89
204
8
48
53
26
48
54
93
80
29
24
122
144
70
125
5
69
36
41
97
97
70
29
24
5
21
53
9
58
35
12
101
76
42
1
17
9
15
49
33
113
92
142
40
37
20
34
12
68
34
29
195
7
46
22
28
19
19
28
32
33
4
25
83
75
155
24
66
6
53
15
13
182
29
84
7
78
38
98
9
201
8
8
70
24
60
29
18
57
61
7
29
21
52
28
68
63
2
86
16
34
72
37
11
103
28
37
114
2
40
145
21
16
33
26
13
93
60
28
12
124
120
50
172
12
113
46
7
3
52
28
5
226
32
21
14
51
66
6
119
16
147
122
49
8
104
9
21
6
15
59
17
80
120
47
34
114
84
36
40
63
5
18
29
34
46
12
12
28
3
3
52
47
58
14
12
49
77
10
16
3
91
36
27
20
30
5
9
11
127
237
14
38
41
32
87
31
283
32
46
35
43
23
16
2
18
49
32
44
141
20
10
293
6
85
24
45
194
32
38
48
9
7
33
76
62
8
61
47
20
18
121
20
34
56
26
12
49
7
18
26
13
37
19
55
23
24
64
107
44
2
116
71
102
15
4
31
17
25
49
10
21
32
21
30
31
6
22
116
8
100
73
8
57
52
5
15
10
53
110
41
11
12
4
2
344
4
1
11
11
26
15
48
54
60
151
43
162
8
149
64
42
32
25
26
60
48
91
9
91
212
7
10
17
9
22
43
70
27
50
9
45
21
15
221
151
24
50
45
7
131
45
11
17
56
138
45
71
23
10
17
67
21
23
24
8
32
72
61
283
36
66
20
111
24
27
37
60
52
10
33
71
9
20
40
204
40
35
54
44
75
43
172
10
39
48
3
50
22
94
31
90
72
20
13
49
61
51
3
32
33
2
25
34
91
59
11
86
26
42
13
7
105
71
88
19
12
43
3
37
25
60
73
3
108
62
3
42
42
110
43
59
40
44
40
39
68
104
11
34
80
115
34
24
46
32
220
24
43
75
33
9
65
5
35
46
84
51
38
57
12
11
58
86
20
10
27
108
3
43
46
6
46
43
27
73
157
34
86
39
87
45
53
37
7
8
26
13
79
8
15
11
78
42
17
13
5
55
40
10
21
9
25
8
132
6
31
84
127
65
15
104
80
14
139
30
57
73
6
84
21
31
14
23
54
18
48
10
62
5
48
68
106
28
24
43
8
8
89
15
38
10
31
29
9
58
81
24
12
31
6
141
10
24
14
105
6
45
25
2
7
1
35
61
26
129
16
203
99
76
22
162
86
90
7
14
13
97
166
32
85
12
71
32
20
87
50
33
19
86
55
116
57
217
9
87
9
54
49
11
4
37
30
7
93
105
11
14
12
26
11
48
22
36
34
88
6
12
32
12
53
25
139
6
84
24
55
42
78
18
4
39
86
6
14
4
53
34
7
19
3
95
24
27
3
48
28
90
3
7
26
9
33
74
3
57
39
22
24
8
56
2
81
119
54
32
26
18
23
197
53
22
24
39
54
7
45
16
52
74
206
35
63
70
7
43
10
76
56
145
46
22
41
38
17
36
17
10
25
43
4
53
5
11
63
49
17
53
25
65
10
26
2
74
24
51
109
29
415
29
85
156
158
89
67
20
40
7
44
88
10
116
77
4
101
39
18
9
39
81
12
154
76
113
31
38
201
44
12
6
38
49
21
5
5
109
4
15
67
86
108
41
25
24
72
40
6
12
5
96
2
128
20
24
19
127
1
68
59
43
27
20
15
20
21
62
75
33
67
87
75
21
50
66
24
23
8
103
2
78
74
32
16
6
46
6
23
41
30
62
29
97
149
5
101
25
60
18
6
20
65
12
36
55
48
6
4
28
220
51
28
218
2
30
8
8
28
52
33
26
2
6
60
80
13
13
51
62
7
122
3
79
24
276
54
25
107
44
181
20
38
48
32
19
232
7
35
31
48
23
7
27
6
69
50
4
50
98
10
7
173
39
108
3
35
30
98
32
60
55
24
2
288
50
59
22
73
41
33
25
43
199
37
6
20
5
4
24
56
9
23
19
30
2
5
71
40
28
47
23
52
3
9
50
37
45
3
41
14
82
16
69
14
88
2
20
59
45
19
85
82
12
49
5
37
110
5
41
26
21
20
153
42
49
62
47
25
35
63
26
108
49
11
12
130
125
40
33
29
19
37
47
35
22
66
2
114
59
37
48
33
9
17
41
37
110
19
34
78
27
39
17
8
52
60
3
50
63
15
26
2
30
27
12
15
145
86
75
5
59
20
93
64
25
55
3
121
32
47
5
4
30
41
35
5
20
35
13
82
24
112
22
10
46
20
9
40
26
28
181
16
2
23
96
45
16
43
39
21
23
9
16
22
100
16
27
40
122
21
35
26
38
20
5
95
64
14
19
174
15
34
5
35
40
64
207
5
28
220
101
57
132
106
20
2
159
38
15
17
38
7
21
104
31
11
57
28
5
75
65
3
5
20
43
41
10
54
13
43
14
57
10
9
83
42
44
21
6
49
13
46
9
89
83
15
3
299
114
26
10
15
53
15
37
48
147
3
22
39
18
12
36
34
169
8
4
40
55
53
60
13
31
69
30
69
72
2
41
13
69
41
192
36
36
16
24
35
38
9
44
101
52
24
66
3
25
19
105
80
24
18
24
20
9
51
7
12
64
11
8
12
80
4
57
12
157
48
28
33
57
3
9
19
28
12
149
74
188
49
3
155
52
44
57
26
17
2
33
43
138
18
17
8
5
6
123
26
80
179
42
28
61
33
6
47
29
10
64
13
49
23
30
15
67
117
22
18
113
18
95
42
19
27
10
10
124
23
36
4
8
107
86
44
93
11
20
67
15
23
18
48
87
149
29
46
4
48
7
12
2
67
19
119
33
8
33
17
19
64
63
38
12
3
15
52
18
29
44
74
5
24
24
13
28
10
52
42
8
9
88
62
33
24
59
33
87
33
41
24
44
20
6
5
26
5
121
56
12
27
32
131
89
18
21
5
68
2
4
22
80
99
29
106
15
192
80
20
24
8
19
15
41
37
31
20
31
47
7
8
55
4
22
38
14
60
7
10
44
70
106
64
8
14
131
6
7
4
11
45
98
9
8
41
33
3
6
63
14
27
5
74
75
122
31
7
43
71
10
23
11
2
82
12
16
52
25
5
96
112
12
50
68
11
7
113
5
64
32
20
69
9
12
125
37
38
91
16
168
7
44
31
11
37
71
104
51
47
174
3
15
47
5
113
13
23
83
58
30
98
32
76
20
33
143
9
104
6
25
77
7
97
5
7
69
27
4
34
114
43
116
38
150
4
95
193
5
26
33
20
17
102
19
29
24
14
82
30
68
37
77
47
31
63
77
77
36
2
13
30
91
5
36
38
46
61
28
43
110
28
109
3
46
33
30
15
48
5
28
16
4
44
46
74
15
104
45
3
32
125
13
74
34
34
14
24
90
5
32
49
180
11
23
105
2
59
73
75
124
74
33
22
35
77
12
34
16
3
104
6
10
4
19
9
8
31
31
75
12
13
37
9
14
81
89
186
23
73
31
20
22
10
61
112
2
25
61
7
7
25
43
13
35
33
6
93
6
33
78
114
10
4
173
14
25
6
85
11
12
15
2
62
12
2
191
33
13
24
15
4
5
57
18
31
142
56
32
96
6
7
95
15
11
12
142
14
75
17
26
18
22
103
12
36
149
6
11
5
85
45
43
331
6
12
6
114
19
19
60
70
128
111
21
57
60
9
32
41
36
5
16
4
10
66
16
99
18
15
18
3
34
44
28
53
97
52
55
24
118
17
23
76
51
28
5
40
7
4
28
88
22
75
44
210
27
11
47
42
9
20
30
3
80
56
19
1
72
23
24
54
37
87
20
82
37
19
87
39
48
97
30
68
69
13
16
43
22
66
9
6
39
12
67
17
19
173
36
2
115
7
3
31
24
27
85
23
214
10
48
62
45
21
5
11
162
50
49
14
57
19
129
33
92
59
30
16
32
18
15
99
4
13
4
19
9
72
27
42
52
44
31
39
15
162
39
8
80
109
62
10
40
2
31
34
37
67
94
136
73
18
29
141
53
32
31
52
136
115
2
16
28
16
28
118
60
181
7
60
125
19
4
37
41
11
39
33
20
14
21
41
46
22
246
53
1
17
104
88
21
6
75
88
22
80
61
3
10
25
54
15
42
65
67
23
72
34
20
30
7
5
24
98
21
46
32
