21
19
21
2
4
55
2
26
6
25
18
38
7
8
72
13
11
24
62
20
3
6
17
60
73
3
3
20
51
47
59
82
5
1
9
136
37
17
6
20
5
12
18
34
48
16
5
55
13
19
5
108
16
21
17
8
7
71
8
6
45
28
18
33
6
80
30
45
3
96
25
4
41
13
8
21
12
29
88
109
13
11
9
3
21
12
13
36
4
6
17
3
3
62
18
30
48
17
8
35
3
3
29
3
37
51
35
28
55
8
21
22
28
9
14
7
2
10
16
13
9
50
8
33
5
25
45
33
8
14
2
5
18
64
6
3
3
12
13
7
42
12
2
62
22
12
11
8
7
20
25
76
29
13
10
12
33
38
17
3
14
13
5
19
47
9
21
28
4
25
37
58
31
11
32
31
13
12
37
59
7
42
12
7
38
13
32
34
38
16
14
12
11
39
17
20
10
12
39
8
53
25
74
5
13
17
56
128
11
36
8
9
33
13
29
30
18
36
60
12
15
28
47
22
84
41
26
1
32
46
19
3
36
31
9
65
35
3
2
10
22
56
5
13
11
68
8
73
5
31
27
9
2
18
74
5
9
13
6
51
27
4
49
13
23
13
12
70
3
16
23
14
9
44
22
20
4
41
7
13
23
26
81
8
4
1
2
52
3
5
15
7
15
39
23
9
25
19
6
18
35
63
5
22
20
12
24
4
134
32
15
7
3
10
10
25
14
11
15
69
7
24
22
7
135
10
111
27
25
7
3
19
11
54
14
16
12
4
162
30
23
169
6
27
11
23
12
15
51
22
22
66
13
103
22
10
3
12
121
15
40
35
30
22
26
31
151
3
36
14
18
58
5
18
16
34
18
42
6
12
28
46
163
42
14
9
10
60
1
11
3
12
40
40
105
60
28
35
44
44
31
13
20
25
27
16
34
15
8
16
6
26
5
10
11
66
55
7
13
34
63
2
8
3
31
8
9
15
25
15
33
20
4
65
16
38
43
35
6
23
24
8
3
8
47
4
7
3
19
11
11
21
23
43
7
4
3
7
6
22
64
5
29
13
35
32
13
18
2
38
11
60
5
9
48
35
21
14
13
11
45
57
14
9
20
22
4
57
63
5
26
18
7
13
31
92
19
5
10
129
14
13
21
2
45
42
68
12
8
15
31
9
13
111
38
67
69
27
36
37
33
30
62
3
6
21
69
10
4
14
2
30
33
74
26
18
4
15
159
75
116
12
4
40
28
16
14
41
32
83
20
61
12
46
29
24
116
4
24
28
11
15
6
4
19
14
89
26
52
66
4
2
9
16
18
8
4
39
3
7
17
69
13
15
8
38
44
8
42
19
66
54
37
75
7
52
76
5
23
41
17
16
20
31
26
53
113
11
4
14
15
24
18
19
38
11
6
95
26
30
2
12
11
3
4
17
13
46
105
6
108
6
29
11
2
37
43
80
36
4
2
14
57
27
47
3
53
17
13
7
31
9
12
2
6
43
45
7
49
66
8
45
13
40
36
7
21
27
44
72
94
2
5
29
39
3
8
26
12
24
28
17
69
102
19
5
113
2
21
7
22
8
88
6
15
28
15
65
17
14
46
5
90
4
33
48
6
47
2
28
15
16
5
3
25
18
24
8
15
88
32
7
9
2
9
28
14
26
43
32
16
34
8
38
5
15
101
12
123
92
13
5
96
18
19
15
10
2
51
43
3
16
36
39
23
23
44
9
9
15
21
77
18
97
25
7
52
39
4
12
3
29
5
22
14
8
40
17
60
19
33
19
31
18
3
8
59
19
3
22
14
31
31
12
53
5
36
43
36
7
4
41
53
9
41
100
29
77
22
8
29
19
43
50
6
25
135
26
20
14
5
21
50
83
37
50
10
43
29
53
14
3
6
14
67
7
26
67
14
62
44
3
5
8
107
19
11
33
46
44
18
4
48
36
10
29
32
31
32
10
20
41
17
9
8
26
17
4
21
16
30
8
119
21
9
16
11
3
5
4
43
15
34
16
38
9
40
4
103
12
15
16
38
66
37
78
12
32
20
35
6
5
10
51
104
23
6
31
2
6
35
12
5
41
111
24
5
27
7
18
16
21
4
48
77
31
4
42
13
30
2
113
56
2
18
37
5
9
17
4
21
17
8
22
87
4
46
35
50
2
44
50
16
12
27
30
64
17
16
41
6
11
32
58
32
39
7
30
10
2
113
12
24
26
42
7
15
7
28
8
25
74
25
9
32
161
14
38
29
31
37
11
27
4
5
27
14
18
47
10
29
19
143
60
2
11
40
4
19
39
29
23
36
24
3
20
19
4
73
23
15
46
5
6
21
13
29
19
15
36
18
7
105
27
140
40
47
9
20
16
10
10
76
14
11
23
8
16
20
14
9
8
22
11
36
17
26
7
21
103
54
38
34
44
15
28
49
28
13
7
17
54
34
65
13
16
3
4
36
27
67
120
25
16
36
25
46
45
21
15
44
28
30
6
41
19
23
113
35
49
3
40
6
16
33
28
25
31
17
34
62
30
10
9
23
26
40
9
30
7
85
26
12
9
13
6
15
21
20
14
7
11
25
46
7
17
6
7
9
5
29
37
19
133
26
41
5
43
32
29
33
60
19
6
46
30
7
16
87
171
43
43
3
29
53
3
9
44
46
3
26
3
20
47
61
60
18
18
18
29
35
16
14
32
30
7
42
62
6
6
14
69
14
21
18
6
67
10
4
26
22
20
69
32
28
7
5
26
41
16
9
19
11
4
9
32
3
25
25
6
60
5
6
8
32
5
101
26
3
10
22
18
3
23
8
25
10
24
26
9
96
4
13
10
3
5
93
15
104
4
17
28
43
22
13
35
26
10
15
25
40
45
23
12
90
3
10
14
14
9
25
43
55
5
2
23
41
7
8
40
87
95
12
57
85
6
31
4
19
6
54
11
36
40
5
22
146
19
47
39
30
65
37
6
45
16
49
26
25
42
37
4
12
22
5
16
5
9
14
66
4
3
61
17
53
114
10
52
32
9
14
31
19
64
12
5
22
10
32
11
33
24
18
99
15
37
16
2
42
27
8
30
30
19
11
24
8
11
8
15
26
13
9
7
92
2
8
10
12
4
45
6
24
5
12
24
17
11
41
19
6
23
29
33
76
14
7
34
6
22
6
33
10
34
25
15
50
22
47
10
40
27
39
10
47
5
11
12
34
30
21
51
5
65
26
11
3
50
4
25
5
30
13
32
4
82
16
34
28
12
7
21
3
58
16
21
12
6
20
6
12
6
44
9
7
161
32
24
22
9
34
24
47
22
11
28
17
16
22
24
21
32
63
14
35
6
2
11
6
57
6
8
18
34
24
155
38
29
1
25
22
9
10
32
8
4
13
10
39
12
25
23
16
20
6
3
49
60
3
32
21
2
17
8
7
7
32
18
41
10
9
9
21
40
6
23
14
10
5
29
11
23
4
16
71
6
27
33
51
118
16
15
82
8
37
5
21
5
37
10
122
33
34
15
18
104
8
19
27
101
8
10
13
43
9
5
12
21
33
11
36
17
11
44
4
8
17
17
18
45
8
4
37
14
11
34
41
12
20
15
18
8
11
2
5
19
10
22
28
2
11
40
49
28
10
60
38
34
3
83
115
13
17
35
7
8
15
46
12
20
19
54
30
81
6
6
35
60
4
91
23
23
52
64
3
5
6
11
4
18
4
50
72
26
18
10
5
25
4
8
15
22
72
4
5
7
32
9
13
80
19
29
21
24
18
14
28
41
4
12
12
8
9
34
7
7
12
37
3
21
75
8
50
29
65
70
69
72
44
16
3
16
5
3
28
3
38
42
13
36
27
58
85
37
8
23
20
18
35
19
8
15
6
6
46
12
55
53
18
8
19
4
59
43
14
41
34
15
81
24
15
15
24
21
30
48
43
39
33
23
12
64
19
10
16
6
3
15
22
3
8
4
57
2
42
15
22
22
10
30
49
5
18
14
6
18
13
10
62
4
17
16
20
21
21
24
7
11
26
50
3
8
141
23
5
19
34
9
36
8
22
12
43
28
27
29
45
21
4
57
18
28
16
36
24
3
30
13
9
21
6
2
36
45
30
41
16
4
22
6
55
45
17
14
41
11
18
14
14
7
6
20
20
3
9
66
27
10
69
5
7
29
31
17
14
59
15
43
6
43
5
32
33
18
28
13
12
5
107
2
3
26
4
95
7
7
16
8
22
8
2
53
3
15
33
2
3
5
23
34
32
2
9
7
46
19
17
11
22
2
28
10
8
22
19
6
28
16
23
20
4
97
16
8
15
16
6
40
4
56
30
30
21
19
27
44
27
12
57
47
4
39
14
8
34
14
14
71
6
19
3
28
55
42
9
7
25
7
16
6
10
4
19
41
9
15
2
14
13
20
33
88
9
6
23
101
35
7
41
8
4
16
15
4
9
4
12
15
14
4
14
36
27
15
125
7
16
12
3
20
5
42
13
11
62
29
3
6
30
26
3
53
56
44
68
4
18
12
9
81
6
14
12
18
20
4
11
5
46
6
11
32
35
2
125
145
16
50
4
19
13
2
29
51
2
19
111
34
25
10
8
17
45
11
3
18
29
2
44
33
8
10
14
2
115
6
16
26
45
3
15
3
58
13
13
5
2
38
51
39
21
30
8
2
97
67
33
7
5
32
3
6
19
14
40
17
15
13
9
13
29
24
8
5
35
9
2
24
29
11
40
43
85
21
50
12
33
6
117
12
7
14
47
32
22
27
76
33
14
63
35
44
5
21
6
13
27
71
43
9
26
5
82
6
16
69
20
21
36
55
2
55
25
44
5
21
18
20
11
8
5
8
42
7
73
117
11
22
32
11
2
5
31
41
20
68
12
5
10
11
11
45
12
2
13
20
2
72
13
61
9
9
28
52
5
7
15
50
8
43
15
55
6
7
42
3
23
105
56
15
60
50
11
25
139
9
45
22
2
6
13
5
4
38
51
19
3
123
16
94
59
20
17
48
2
15
64
6
7
79
3
14
47
54
5
38
17
14
28
30
25
18
36
47
4
23
14
3
29
12
17
3
42
11
86
2
17
61
4
39
11
8
39
31
9
25
42
32
30
14
49
9
26
7
53
4
20
6
46
13
38
15
22
32
45
6
12
43
30
31
16
55
72
123
29
5
3
40
57
33
2
23
36
13
2
24
6
16
19
47
18
28
41
2
12
16
12
5
11
13
87
47
6
59
112
6
10
26
37
29
23
2
12
18
2
23
135
3
3
26
9
29
21
6
69
14
2
25
6
32
1
14
57
15
23
26
11
14
68
10
32
2
24
29
52
83
25
9
78
44
7
79
38
18
122
10
4
12
13
20
20
25
39
9
7
21
2
8
35
7
42
11
47
6
9
28
15
4
52
12
19
11
8
2
6
53
31
23
40
6
35
11
7
45
12
116
42
11
64
12
2
40
58
3
52
50
18
46
5
8
15
16
14
65
44
62
15
6
10
32
13
25
4
4
11
21
40
9
58
50
45
52
54
5
2
3
6
17
34
80
32
78
9
33
28
135
45
99
17
21
10
18
46
3
61
38
19
11
18
10
44
12
11
7
2
2
51
57
47
39
3
30
8
7
27
4
19
75
5
3
8
47
99
58
45
14
11
7
49
52
5
5
5
57
4
5
2
66
54
15
30
6
5
20
8
4
8
3
12
7
32
12
22
34
20
3
39
53
75
5
60
9
41
9
22
33
53
30
20
7
13
20
7
20
3
76
32
3
86
31
41
6
23
14
9
27
64
6
39
17
3
6
26
37
46
76
4
107
20
19
2
43
19
10
21
7
35
9
6
42
5
56
28
11
50
8
4
34
69
28
26
19
21
39
17
83
71
3
66
63
60
17
2
28
8
61
29
5
18
26
19
8
12
2
70
5
37
7
38
99
8
2
48
57
35
16
11
31
5
2
14
34
3
59
74
9
11
35
7
28
9
7
4
22
20
7
54
2
22
3
82
4
8
82
26
4
27
15
19
2
41
3
3
28
2
19
8
2
16
9
13
38
25
56
36
10
84
4
57
23
25
75
10
22
8
9
55
2
44
55
47
12
23
62
35
79
65
13
6
3
1
5
8
62
22
29
35
5
9
2
26
8
13
15
13
25
12
51
8
6
14
69
23
10
18
2
13
59
2
90
4
7
11
2
22
3
50
9
42
5
10
3
54
21
11
15
27
10
19
52
2
15
5
20
15
32
53
15
6
38
24
8
9
5
17
74
33
24
34
12
5
22
12
40
32
3
2
9
28
12
20
19
8
11
10
19
19
40
15
43
19
52
2
12
57
8
15
63
44
25
2
17
10
71
2
18
12
13
6
25
45
12
98
6
24
47
34
27
17
75
4
22
75
20
38
2
5
31
57
5
33
23
6
2
17
4
6
3
8
92
21
27
20
23
10
10
22
20
68
21
12
55
7
27
12
2
13
10
3
18
19
59
68
20
4
16
5
3
4
4
94
20
69
41
5
5
33
24
9
14
65
38
30
21
15
31
24
38
16
23
40
10
30
33
32
92
17
51
9
8
10
35
18
23
9
89
59
47
12
48
18
112
11
33
15
6
34
75
108
4
27
35
11
25
27
7
76
1
12
16
13
7
29
51
38
41
17
17
4
11
4
116
43
14
10
31
2
6
16
12
55
14
40
99
27
26
19
3
12
6
19
6
10
38
18
67
4
41
27
58
62
74
30
4
18
5
25
64
11
14
6
14
58
2
31
64
28
15
5
8
6
23
7
70
16
6
9
3
57
9
59
13
19
49
30
14
15
13
24
18
28
40
53
10
46
17
10
21
9
32
10
33
21
42
14
21
23
31
57
116
50
39
18
10
97
73
19
7
10
28
7
12
43
30
51
58
31
4
23
9
10
2
18
35
6
88
17
29
97
5
22
5
45
5
29
20
14
56
13
140
16
5
72
14
2
25
36
27
31
13
27
49
18
35
5
23
18
33
20
48
12
10
42
22
53
70
45
10
37
5
11
18
59
17
50
13
110
14
17
28
9
31
28
18
28
48
18
30
31
7
5
22
48
17
18
54
10
82
15
7
2
49
8
14
17
40
25
73
46
4
11
30
1
25
48
31
17
7
22
29
25
3
19
7
4
3
40
17
18
65
68
9
6
3
44
29
22
37
17
29
6
3
52
4
37
23
20
18
19
16
8
9
45
19
14
62
6
44
9
9
6
22
2
52
119
15
26
12
13
24
7
86
2
62
4
70
20
5
4
6
17
50
7
11
24
7
7
57
24
37
30
50
8
27
12
46
12
17
3
25
34
126
7
6
59
20
8
55
22
32
2
18
46
27
84
67
53
13
42
6
11
5
10
19
36
70
28
11
2
18
7
47
9
6
15
19
37
3
44
8
10
67
47
22
5
29
65
7
12
35
35
24
44
16
21
4
118
9
42
60
35
17
5
19
6
47
18
2
2
53
48
81
11
11
7
66
46
25
8
15
14
22
3
2
76
17
11
5
17
13
33
22
6
8
35
7
18
10
15
40
20
30
21
26
21
15
43
17
12
52
74
3
2
23
19
5
3
11
33
39
45
5
13
25
81
11
29
30
50
8
2
28
22
16
16
19
70
47
17
19
92
29
51
29
5
4
8
17
63
9
10
49
111
14
50
44
32
4
15
56
30
121
19
14
79
10
18
15
41
7
86
33
4
77
29
183
5
46
4
22
39
72
38
40
3
111
11
11
74
26
10
48
3
12
36
32
56
36
54
67
22
2
11
6
110
16
51
60
6
7
17
36
12
7
12
30
11
41
96
26
7
35
20
35
31
27
7
5
2
21
7
6
49
2
21
12
47
28
37
14
8
55
13
10
38
3
19
9
10
31
5
29
50
4
3
52
6
29
46
5
20
30
10
68
21
46
30
4
48
42
20
23
48
12
11
12
27
2
2
49
27
23
9
34
13
4
33
33
28
38
10
134
70
15
14
29
32
3
77
30
5
68
5
39
11
12
19
59
2
32
3
19
11
14
29
21
4
48
5
59
2
44
34
2
11
10
3
16
23
18
24
36
37
46
15
14
29
10
21
71
14
2
78
50
14
4
2
5
12
10
43
6
62
7
56
10
5
4
5
83
27
30
78
11
41
3
94
2
22
4
41
9
36
5
26
7
8
21
56
3
11
5
2
12
25
38
4
49
10
65
43
26
21
15
15
43
8
57
11
12
15
4
5
21
19
19
5
16
12
36
102
5
10
43
72
19
4
88
10
23
8
3
27
14
6
14
19
3
81
17
30
7
14
8
62
15
20
49
56
6
14
34
4
25
15
21
18
46
4
32
54
10
40
5
17
58
23
14
35
8
66
25
8
23
8
84
9
13
4
6
32
23
13
16
2
6
48
10
16
25
2
16
135
26
8
119
16
17
3
4
42
77
80
69
65
26
16
7
33
40
3
26
27
21
14
56
40
46
25
42
17
9
2
4
9
6
14
37
5
88
3
12
14
8
51
45
20
24
10
14
18
65
21
44
6
20
35
5
12
2
36
26
70
17
49
4
55
17
12
48
11
1
11
55
11
12
14
16
25
64
28
22
11
70
11
18
87
30
109
7
38
24
9
2
7
45
4
20
29
37
51
55
6
37
28
20
17
6
9
28
29
5
7
6
21
56
19
28
7
39
52
5
9
36
2
3
9
11
67
45
100
13
118
44
8
3
7
4
38
42
5
7
68
58
8
7
4
33
27
29
7
7
12
2
3
3
2
17
6
53
11
2
40
14
12
45
9
16
8
13
10
45
22
17
19
4
40
7
16
9
41
4
32
3
19
85
18
21
172
62
21
31
52
28
25
61
48
13
17
87
9
9
5
5
7
31
10
28
23
9
28
9
17
33
47
2
33
3
64
22
43
31
3
4
66
36
22
40
3
6
10
16
104
24
17
5
19
48
3
32
3
46
15
9
24
31
82
14
21
15
54
67
6
71
4
14
21
56
11
51
50
7
20
9
10
10
23
16
2
29
12
19
14
3
57
47
23
13
41
6
35
6
59
39
41
19
61
11
15
5
6
45
26
34
12
17
9
7
44
8
4
29
24
16
13
20
70
12
10
14
14
88
8
19
27
29
12
2
22
17
2
5
55
10
7
9
8
32
8
9
25
135
6
4
2
3
22
10
62
5
82
29
4
4
7
22
38
22
14
67
72
33
20
56
97
29
54
24
53
13
34
13
17
26
18
3
31
2
7
2
40
10
16
12
28
12
2
20
4
40
19
13
40
4
33
5
15
15
12
36
19
14
15
20
69
14
16
8
19
5
9
43
4
74
55
52
4
10
9
24
21
3
9
9
26
35
7
64
38
36
49
3
18
15
9
24
33
100
7
11
5
14
13
12
68
2
94
65
35
7
27
96
1
19
2
13
50
55
8
85
7
46
111
5
26
27
12
27
20
16
111
22
6
45
69
35
2
15
46
18
11
38
6
67
20
27
9
3
31
93
34
15
16
33
52
37
3
99
1
24
6
9
73
4
83
34
90
32
27
42
3
36
46
21
1
30
7
12
13
29
6
22
14
100
39
12
2
4
6
87
38
18
22
